induced: 0.7066315119154751
induced_fmm: 0.4642938277684152
shell: 15
static: 0.2282482939772308
static_fmm: 0.13040657434612513
