induced: 7.151792730204761
induced_fmm: 3.642378652933985
shell: 15
static: 1.9471925990656018
static_fmm: 1.8633672101423144
