induced: 166.0822740420699
induced_fmm: 8.481078796088696
shell: 40
static: 41.59473474416882
static_fmm: 2.1292284089140594
