induced: 0.8871922618709505
induced_fmm: 0.8218355812132359
shell: 10
static: 0.2498648390173912
static_fmm: 0.21575929876416922
