induced: 3446.598023668863
induced_fmm: 135.9721477739513
shell: 45
static: 854.5314053660259
static_fmm: 33.76996772829443
