induced: 761.4636429683305
induced_fmm: 25.04976675240323
shell: 50
static: 180.10957296798006
static_fmm: 5.730494860094041
