induced: 1746.2801995621994
induced_fmm: 75.06641180999577
shell: 40
static: 435.2183058960363
static_fmm: 18.88673929311335
