induced: 127.00873198220506
induced_fmm: 29.38980598282069
shell: 25
static: 31.572546374984086
static_fmm: 7.287811985705048
