induced: 32.57806453900412
induced_fmm: 6.338246707804501
shell: 30
static: 8.171444394160062
static_fmm: 1.6320622856728733
