induced: 2755.9664954538457
induced_fmm: 70.16356480913237
shell: 60
static: 624.5050576319918
static_fmm: 16.146566274110228
