induced: 1560.4407871449366
induced_fmm: 40.86695553502068
shell: 55
static: 357.4332571099512
static_fmm: 9.301904801279306
