induced: 332.76978574926034
induced_fmm: 13.754100293852389
shell: 45
static: 81.78946191444993
static_fmm: 3.4030602439306676
