induced: 13058.766199255828
induced_fmm: 431.0454857349396
shell: 55
static: 3023.0690154470503
static_fmm: 100.95798634784296
