induced: 7000.089611175004
induced_fmm: 259.4256763057783
shell: 50
static: 1588.6129693458788
static_fmm: 60.44449174404144
