induced: 347.47984481882304
induced_fmm: 56.413006853777915
shell: 30
static: 86.4920007949695
static_fmm: 14.34682616405189
