induced: 37.57184940576553
induced_fmm: 9.42583116190508
shell: 20
static: 9.328364093322307
static_fmm: 2.345822317060083
