induced: 0.10260558873414993
induced_fmm: 0.10479848086833954
shell: 10
static: 0.04855208611115813
static_fmm: 0.03553828410804272
