induced: 78.04709233017638
induced_fmm: 5.609816078096628
shell: 35
static: 19.34918412612751
static_fmm: 1.4150161789730191
