induced: 11.911971963010728
induced_fmm: 2.940742890816182
shell: 25
static: 2.9629123508930206
static_fmm: 0.7366882860660553
