induced: 3.6513767750002444
induced_fmm: 1.0344664249569178
shell: 20
static: 0.9024678319692612
static_fmm: 0.2558649410493672
