induced: 829.51474743383
induced_fmm: 46.06454394431785
shell: 35
static: 205.47026232024655
static_fmm: 11.582137028221041
