induced: 24833.737684085965
induced_fmm: 679.8880472597666
shell: 60
static: 5833.363530796953
static_fmm: 156.46888777194545
